during: 394.8007582227389 min
during: 34.10200281540553 min
during: 38.68418579101562 min
during: 14.049673918883006 min
